0.370496 0.027639 0.256191 0.192286 0.153388
0.222954 0.024079 0.307344 0.293081 0.152542
0.309401 0.046968 0.268639 0.186777 0.188215
0.047866 0.024796 0.710583 0.066899 0.149856
0.000010 0.000011 0.000010 0.000010 0.999959
0.000010 0.000010 0.000010 0.000010 0.999960
0.000010 0.000010 0.288930 0.125343 0.585707
0.000010 0.003800 0.349696 0.175336 0.471158
0.132311 0.057275 0.390595 0.226920 0.192899
0.202459 0.026039 0.399563 0.216179 0.155759
0.153055 0.041062 0.421794 0.221075 0.163015
0.000076 0.007384 0.873520 0.103450 0.015570
0.000010 0.006521 0.651442 0.173184 0.168843
0.000010 0.000010 0.999960 0.000010 0.000010
0.000010 0.033351 0.799508 0.026176 0.140956
0.107172 0.090755 0.369124 0.166956 0.265992
0.000010 0.000010 0.999960 0.000010 0.000010
0.300583 0.039491 0.300870 0.192075 0.166981
0.000010 0.000010 0.000010 0.999960 0.000010
0.000010 0.004308 0.000010 0.995662 0.000010
0.103579 0.072043 0.188701 0.530619 0.105058
0.000010 0.000010 0.000010 0.999960 0.000010
0.000010 0.000010 0.999960 0.000010 0.000010
0.593476 0.038679 0.132170 0.115315 0.120360
0.161053 0.033690 0.313703 0.261941 0.229614
0.091611 0.033688 0.439255 0.307132 0.128313
0.000010 0.000010 0.000010 0.000010 0.999960
0.000010 0.000010 0.999960 0.000010 0.000010
0.000010 0.000010 0.481114 0.000010 0.518855
0.213101 0.027121 0.260273 0.191387 0.308119
0.279164 0.044733 0.290762 0.203966 0.181375
0.206043 0.045104 0.295148 0.248540 0.205166
0.275837 0.034569 0.336896 0.205694 0.147004
0.067793 0.044198 0.640893 0.140033 0.107083
0.166510 0.028371 0.360883 0.251800 0.192436
0.238086 0.027762 0.338983 0.220455 0.174714
0.178591 0.021422 0.372000 0.258355 0.169632
0.116471 0.022779 0.435848 0.146848 0.278054
0.186235 0.040967 0.398478 0.184036 0.190283
0.000010 0.000013 0.434677 0.000010 0.565289
0.000010 0.000010 0.000010 0.000010 0.999960
0.209687 0.038516 0.380174 0.214252 0.157371
0.150034 0.040771 0.241917 0.261102 0.306176
0.162014 0.077904 0.189414 0.356308 0.214360
0.000010 0.000011 0.000010 0.999959 0.000010
0.045148 0.019165 0.195374 0.566806 0.173508
0.000010 0.000010 0.000010 0.999960 0.000010
0.082751 0.000010 0.000010 0.917219 0.000010
0.000010 0.013724 0.000010 0.986246 0.000010
0.000010 0.000010 0.000010 0.999960 0.000010
0.093934 0.076058 0.317333 0.241111 0.271564
0.067415 0.226451 0.258599 0.168403 0.279133
0.000010 0.000010 0.999960 0.000010 0.000010
0.046210 0.023550 0.718516 0.106312 0.105411
0.000010 0.000154 0.999816 0.000010 0.000010
0.000010 0.000010 0.999960 0.000010 0.000010
0.167210 0.088221 0.457479 0.184462 0.102627
0.045529 0.050818 0.831273 0.072369 0.000010
0.000010 0.000010 0.999960 0.000010 0.000010
0.176774 0.034882 0.419029 0.199337 0.169978
0.122654 0.038854 0.290361 0.204421 0.343710
0.163676 0.022413 0.448569 0.198849 0.166493
0.087686 0.035394 0.370651 0.192604 0.313664
0.235804 0.035934 0.335793 0.211853 0.180615
0.066378 0.021403 0.285127 0.486664 0.140428
0.169808 0.084978 0.306289 0.181897 0.257027
0.000010 0.016899 0.672273 0.188418 0.122400
0.000010 0.005626 0.598256 0.253923 0.142185
0.221585 0.063534 0.302421 0.234873 0.177588
0.000010 0.000010 0.416317 0.384128 0.199535
0.094851 0.051424 0.354218 0.233933 0.265575
0.158904 0.236724 0.296375 0.161433 0.146564
0.133923 0.145832 0.386512 0.190674 0.143059
0.130032 0.048968 0.447215 0.213598 0.160187
0.088284 0.026823 0.395714 0.284609 0.204570
0.257714 0.027040 0.359239 0.201477 0.154531
0.135372 0.022597 0.403197 0.255273 0.183561
0.118071 0.011717 0.346453 0.437536 0.086222
0.108339 0.012960 0.029543 0.088413 0.760745
0.147595 0.042489 0.394602 0.207763 0.207552
0.000010 0.000010 0.000010 0.000010 0.999960
0.178964 0.116051 0.140333 0.091574 0.473078
0.000010 0.062005 0.000010 0.000010 0.937965
0.085383 0.027783 0.684725 0.093991 0.108118
0.088229 0.016405 0.621551 0.130800 0.143015
0.088175 0.004468 0.090811 0.712524 0.104023
0.000010 0.999960 0.000010 0.000010 0.000010
0.159417 0.167012 0.365116 0.178220 0.130235
0.000010 0.708921 0.223060 0.044284 0.023724
0.014478 0.370912 0.159828 0.297068 0.157714
0.303662 0.058165 0.178438 0.168055 0.291680
0.146114 0.187508 0.153775 0.250694 0.261910
0.106259 0.383946 0.218431 0.160335 0.131029
0.144328 0.077344 0.413746 0.223255 0.141326
0.088624 0.275042 0.305181 0.201053 0.130100
0.000010 0.999960 0.000010 0.000010 0.000010
0.000010 0.999960 0.000010 0.000010 0.000010
0.000010 0.999960 0.000010 0.000010 0.000010
0.207593 0.048087 0.320649 0.213264 0.210407
0.154085 0.057732 0.356737 0.205730 0.225717
0.000010 0.000010 0.000010 0.000010 0.999960
0.000010 0.000010 0.000010 0.000010 0.999960
0.000010 0.000010 0.000010 0.000010 0.999960
0.000010 0.000010 0.999960 0.000010 0.000010
0.257295 0.038166 0.340247 0.197112 0.167181
0.000010 0.000010 0.999960 0.000010 0.000010
0.161083 0.033074 0.504127 0.218087 0.083629
0.027026 0.019408 0.836654 0.116901 0.000010
0.122424 0.013798 0.281841 0.343152 0.238784
0.107705 0.014531 0.303957 0.344412 0.229395
0.160007 0.030186 0.355080 0.234460 0.220267
0.000010 0.000010 0.162854 0.154560 0.682566
0.262557 0.132876 0.228049 0.218174 0.158344
0.093475 0.045713 0.638344 0.129449 0.093019
0.208734 0.037325 0.293674 0.222595 0.237672
0.000010 0.016728 0.385963 0.133331 0.463968
0.000010 0.000010 0.710398 0.096907 0.192675
0.000010 0.000010 0.597635 0.057900 0.344445
0.000010 0.000010 0.999960 0.000010 0.000010
0.306214 0.021001 0.321352 0.202698 0.148736
0.494072 0.024394 0.175428 0.180976 0.125131
0.577621 0.010567 0.184285 0.134743 0.092785
0.446921 0.021348 0.248721 0.166338 0.116671
0.133298 0.037495 0.491615 0.207240 0.130352
0.518025 0.025728 0.160300 0.177441 0.118507
0.138842 0.035650 0.403153 0.152067 0.270287
0.025148 0.000010 0.131408 0.147789 0.695645
0.086266 0.010541 0.417961 0.310306 0.174926
0.041801 0.030617 0.297102 0.555825 0.074655
0.123166 0.041196 0.391105 0.242816 0.201717
0.196089 0.052412 0.323706 0.228805 0.198987
0.141715 0.042676 0.370170 0.248845 0.196593
0.000010 0.000010 0.421522 0.011319 0.567139
0.000010 0.000010 0.556231 0.000010 0.443739
0.008982 0.010594 0.343308 0.156840 0.480276
0.307513 0.037727 0.311119 0.178015 0.165625
0.022607 0.000010 0.916585 0.000010 0.060788
0.161749 0.011790 0.269895 0.453910 0.102656
0.293057 0.039314 0.242338 0.202779 0.222512
0.271988 0.029362 0.302240 0.219483 0.176928
0.169196 0.063819 0.376213 0.210510 0.180262
0.249662 0.048024 0.310023 0.211418 0.180873
0.052208 0.006394 0.236352 0.679913 0.025134
0.000010 0.000010 0.000010 0.999960 0.000010
0.000010 0.000010 0.000010 0.999960 0.000010
0.014112 0.001560 0.437781 0.499190 0.047358
0.000010 0.000010 0.700466 0.299504 0.000010
0.000010 0.000010 0.796766 0.127125 0.076089
0.000010 0.999960 0.000010 0.000010 0.000010
0.222565 0.013210 0.248825 0.281243 0.234157
0.000010 0.000010 0.000010 0.999960 0.000010
0.132783 0.000010 0.035334 0.042637 0.789236
0.115048 0.032163 0.688368 0.073444 0.090977
0.536313 0.029231 0.186583 0.138174 0.109699
0.188923 0.044754 0.341498 0.209603 0.215223
0.259037 0.025121 0.304188 0.167701 0.243954
0.000010 0.004154 0.312902 0.158839 0.524094
0.076959 0.000010 0.304612 0.158953 0.459466
0.424099 0.047731 0.209066 0.137457 0.181646
0.155266 0.042555 0.313505 0.205185 0.283489
0.088623 0.052017 0.522047 0.184065 0.153248
0.831047 0.000010 0.047203 0.029604 0.092135
0.883280 0.019999 0.048976 0.047735 0.000010
0.883185 0.000010 0.009100 0.079899 0.027805
0.914006 0.000010 0.036673 0.007171 0.042140
0.926015 0.000010 0.000010 0.000010 0.073955
0.934164 0.000010 0.010846 0.054971 0.000010
0.914689 0.000010 0.074659 0.010632 0.000010
0.922652 0.000010 0.000010 0.039343 0.037985
0.918184 0.001615 0.037069 0.011401 0.031730
0.941715 0.000010 0.058255 0.000010 0.000010
0.952312 0.000010 0.000010 0.047658 0.000010
0.873668 0.000010 0.055388 0.017106 0.053829
0.942701 0.023137 0.034142 0.000010 0.000010
0.852177 0.000010 0.051545 0.077150 0.019118
0.857817 0.005190 0.083126 0.041737 0.012131
0.887881 0.000010 0.027246 0.036323 0.048540
0.982075 0.017895 0.000010 0.000010 0.000010
0.980088 0.019882 0.000010 0.000010 0.000010
0.908393 0.018947 0.039224 0.033425 0.000010
0.921659 0.000010 0.011401 0.066920 0.000010
0.899994 0.000010 0.037025 0.013568 0.049402
0.943802 0.024849 0.007461 0.023878 0.000010
0.947378 0.000010 0.052592 0.000010 0.000010
0.958829 0.000010 0.000010 0.000010 0.041141
0.900482 0.000010 0.099488 0.000010 0.000010
0.966872 0.000010 0.000010 0.000010 0.033098
0.936689 0.000010 0.063281 0.000010 0.000010
0.951560 0.020098 0.000010 0.028322 0.000010
0.881457 0.001650 0.031525 0.085358 0.000010
0.937876 0.000010 0.000153 0.061951 0.000010
0.901033 0.000010 0.043510 0.026765 0.028683
0.942445 0.000010 0.000010 0.000010 0.057525
0.999960 0.000010 0.000010 0.000010 0.000010
0.913424 0.000010 0.050391 0.036165 0.000010
0.933430 0.000010 0.003463 0.063087 0.000010
0.922550 0.000010 0.000010 0.067909 0.009521
0.931491 0.000010 0.000010 0.068479 0.000010
0.933276 0.000010 0.000010 0.066694 0.000010
0.885021 0.000010 0.077676 0.015939 0.021355
0.999960 0.000010 0.000010 0.000010 0.000010
0.878183 0.007649 0.055776 0.041984 0.016407
0.885248 0.000010 0.046965 0.067767 0.000010
0.959244 0.000010 0.000010 0.040726 0.000010
0.914219 0.003715 0.082046 0.000010 0.000010
0.916690 0.000010 0.028082 0.055208 0.000010
0.999960 0.000010 0.000010 0.000010 0.000010
0.999960 0.000010 0.000010 0.000010 0.000010
0.911297 0.013583 0.022171 0.052939 0.000010
0.955951 0.018802 0.025227 0.000010 0.000010
0.854965 0.002885 0.052351 0.046007 0.043792
0.923364 0.016722 0.044952 0.014952 0.000010
0.918437 0.000010 0.032790 0.008783 0.039979
0.921300 0.025718 0.033770 0.019202 0.000010
0.949280 0.000010 0.050690 0.000010 0.000010
0.939489 0.000010 0.000010 0.000010 0.060481
0.857453 0.000010 0.065759 0.052071 0.024707
0.943562 0.000010 0.008449 0.047969 0.000010
0.861524 0.000010 0.081698 0.056758 0.000010
0.941734 0.000014 0.000010 0.058232 0.000010
0.912840 0.000010 0.032875 0.054265 0.000010
0.900466 0.001721 0.024927 0.035146 0.037740
0.966035 0.033935 0.000010 0.000010 0.000010
0.944051 0.000010 0.000010 0.000010 0.055919
0.900987 0.000010 0.027363 0.044847 0.026793
0.940772 0.000010 0.000010 0.059198 0.000010
0.885428 0.021986 0.073515 0.013349 0.005722
0.914838 0.000010 0.041267 0.027148 0.016737
0.928500 0.000010 0.071470 0.000010 0.000010
0.866360 0.000010 0.098635 0.034986 0.000010
0.873679 0.005748 0.033724 0.041345 0.045505
0.924317 0.020039 0.015915 0.039719 0.000010
0.873380 0.000010 0.037034 0.058443 0.031134
0.958056 0.000015 0.000010 0.041909 0.000010
0.869546 0.000010 0.055780 0.045479 0.029185
0.880481 0.000010 0.038026 0.081473 0.000010
0.877786 0.000010 0.078713 0.043481 0.000010
0.883070 0.000010 0.025235 0.035488 0.056198
0.942754 0.057216 0.000010 0.000010 0.000010
0.969079 0.030891 0.000010 0.000010 0.000010
0.853930 0.000010 0.046554 0.098632 0.000874
0.854454 0.002955 0.095921 0.028855 0.017815
0.889044 0.000010 0.045591 0.017165 0.048189
0.853043 0.000010 0.095588 0.051349 0.000010
0.141283 0.062463 0.534683 0.138909 0.122662
0.265483 0.042374 0.321661 0.195123 0.175359
0.405728 0.039077 0.235695 0.172706 0.146794
0.163811 0.036923 0.394363 0.155364 0.249538
0.183722 0.039943 0.372501 0.189742 0.214092
0.533558 0.016381 0.184518 0.138408 0.127135
0.529084 0.028301 0.189514 0.133276 0.119825
0.162990 0.102301 0.360472 0.164376 0.209862
0.135399 0.006819 0.371306 0.191497 0.294979
0.603091 0.028723 0.153051 0.125166 0.089969
