0.000010 0.999960 0.000010 0.000010 0.000010
0.368659 0.394264 0.000010 0.237057 0.000010
0.274308 0.382692 0.102696 0.240294 0.000010
0.384555 0.000010 0.000010 0.615415 0.000010
0.000010 0.000010 0.000010 0.999960 0.000010
0.504493 0.495477 0.000010 0.000010 0.000010
0.133721 0.438881 0.130252 0.297136 0.000010
0.036111 0.300513 0.158738 0.504628 0.000010
0.347126 0.389147 0.000010 0.263707 0.000010
0.000010 0.000010 0.000010 0.999960 0.000010
0.429737 0.276733 0.000010 0.293510 0.000010
0.000010 0.480361 0.000010 0.479092 0.040528
0.096303 0.183945 0.000010 0.410777 0.308965
0.000010 0.612414 0.111281 0.276284 0.000010
0.999960 0.000010 0.000010 0.000010 0.000010
0.308077 0.000019 0.000010 0.691884 0.000010
0.512937 0.487023 0.000020 0.000010 0.000010
0.000010 0.269704 0.166611 0.563665 0.000010
0.000010 0.465989 0.000010 0.415984 0.118007
0.113845 0.534352 0.000010 0.351783 0.000010
0.000010 0.000010 0.000010 0.999960 0.000010
0.000010 0.999960 0.000010 0.000010 0.000010
0.000010 0.622842 0.000010 0.324015 0.053123
0.000010 0.292300 0.126858 0.580821 0.000010
0.000010 0.404005 0.081958 0.514017 0.000010
0.371006 0.628955 0.000019 0.000010 0.000010
0.423737 0.262728 0.000010 0.313515 0.000010
0.126453 0.412675 0.000010 0.396726 0.064136
0.401031 0.379904 0.000010 0.219044 0.000010
0.000010 0.424667 0.000010 0.462073 0.113241
0.243659 0.398403 0.000010 0.314823 0.043105
0.000010 0.457792 0.000010 0.491501 0.050687
0.999960 0.000010 0.000010 0.000010 0.000010
0.000010 0.999960 0.000010 0.000010 0.000010
0.092385 0.494541 0.000010 0.413054 0.000010
0.296081 0.343269 0.000017 0.360623 0.000010
0.000010 0.000010 0.000010 0.999960 0.000010
0.000010 0.000010 0.000010 0.999960 0.000010
0.000010 0.999960 0.000010 0.000010 0.000010
0.000010 0.483435 0.000010 0.461317 0.055228
0.130019 0.369732 0.165896 0.334343 0.000010
0.139857 0.602358 0.000018 0.257756 0.000010
0.000010 0.302302 0.137859 0.559819 0.000010
0.000010 0.606184 0.000010 0.325360 0.068436
0.999960 0.000010 0.000010 0.000010 0.000010
0.170960 0.219172 0.000010 0.483736 0.126122
0.000010 0.473697 0.077895 0.448388 0.000010
0.000010 0.466450 0.000010 0.450071 0.083459
0.000010 0.000010 0.000010 0.999960 0.000010
0.425056 0.391477 0.000010 0.183447 0.000010
0.000010 0.999960 0.000010 0.000010 0.000010
0.000010 0.000010 0.000010 0.999960 0.000010
0.000010 0.432222 0.147438 0.420320 0.000010
0.000010 0.999960 0.000010 0.000010 0.000010
0.000010 0.683130 0.000010 0.316840 0.000010
0.000010 0.000010 0.000010 0.999960 0.000010
0.000010 0.472465 0.000010 0.418086 0.109429
0.000010 0.000010 0.000010 0.999960 0.000010
0.000010 0.519055 0.191400 0.289525 0.000010
0.454125 0.000010 0.000010 0.545845 0.000010
0.999960 0.000010 0.000010 0.000010 0.000010
0.451242 0.260374 0.000010 0.288365 0.000010
0.229026 0.409894 0.000010 0.299587 0.061483
0.000010 0.999960 0.000010 0.000010 0.000010
0.000010 0.999960 0.000010 0.000010 0.000010
0.507622 0.492339 0.000010 0.000019 0.000010
0.000010 0.999953 0.000017 0.000010 0.000010
0.999960 0.000010 0.000010 0.000010 0.000010
0.339166 0.367969 0.000010 0.292846 0.000010
0.493902 0.000010 0.000010 0.506068 0.000010
0.999960 0.000010 0.000010 0.000010 0.000010
0.163634 0.415523 0.000010 0.351153 0.069680
0.000010 0.999960 0.000010 0.000010 0.000010
0.000010 0.000010 0.000014 0.999956 0.000010
0.999960 0.000010 0.000010 0.000010 0.000010
0.000010 0.379970 0.201936 0.418074 0.000010
0.229116 0.311125 0.000010 0.459740 0.000010
0.000010 0.000010 0.000010 0.999960 0.000010
0.533362 0.466608 0.000010 0.000010 0.000010
0.000010 0.565901 0.000010 0.389675 0.044405
0.000010 0.022230 0.663687 0.000010 0.314063
0.000010 0.000010 0.618068 0.000010 0.381902
0.112969 0.038931 0.740617 0.000010 0.107473
0.192504 0.090417 0.516544 0.000010 0.200525
0.000018 0.115013 0.884947 0.000012 0.000010
0.000010 0.000010 0.999960 0.000010 0.000010
0.000010 0.156976 0.575382 0.000010 0.267622
0.000010 0.000010 0.759393 0.111557 0.129030
0.000010 0.000010 0.699223 0.184389 0.116367
0.141556 0.000010 0.724655 0.000010 0.133770
0.000020 0.239028 0.655161 0.000010 0.105781
0.000014 0.000010 0.708007 0.151736 0.140233
0.095207 0.000010 0.904763 0.000010 0.000010
0.060374 0.227736 0.460637 0.000010 0.251242
0.000010 0.234884 0.765086 0.000010 0.000010
0.000010 0.000010 0.689655 0.106234 0.204091
0.000010 0.000010 0.756503 0.101944 0.141533
0.141934 0.000010 0.512114 0.000010 0.345932
0.000010 0.000010 0.789061 0.210909 0.000010
0.093362 0.000010 0.653274 0.000010 0.253344
0.000010 0.000010 0.822044 0.177926 0.000010
0.090041 0.000010 0.630408 0.000010 0.279530
0.000010 0.000010 0.483041 0.164220 0.352719
0.102096 0.000010 0.697364 0.000010 0.200520
0.000010 0.124113 0.698533 0.000010 0.177334
0.000010 0.000010 0.000010 0.000010 0.999960
0.121124 0.000010 0.796676 0.000010 0.082179
0.000010 0.107856 0.706566 0.000010 0.185558
0.000010 0.153594 0.846376 0.000010 0.000010
0.000010 0.000010 0.658665 0.168567 0.172749
0.000010 0.038777 0.643255 0.000010 0.317948
0.118932 0.000010 0.659879 0.000010 0.221169
0.123696 0.000010 0.713157 0.000010 0.163127
0.000010 0.593520 0.406450 0.000010 0.000010
0.000010 0.182959 0.677966 0.000010 0.139056
0.067577 0.000012 0.687277 0.000010 0.245124
0.000010 0.206194 0.555732 0.035322 0.202742
0.000010 0.250226 0.583962 0.000010 0.165792
0.000010 0.000010 0.716710 0.112863 0.170408
0.000010 0.000010 0.000010 0.000010 0.999960
0.000010 0.242665 0.757305 0.000010 0.000010
0.000010 0.194851 0.540941 0.000010 0.264188
0.000010 0.079313 0.920657 0.000010 0.000010
0.000010 0.222026 0.512385 0.000010 0.265568
0.000010 0.000010 0.999960 0.000010 0.000010
0.000010 0.000010 0.870983 0.128987 0.000010
0.099301 0.000010 0.620538 0.000010 0.280141
0.000010 0.033595 0.635073 0.000010 0.331313
0.000010 0.216947 0.783023 0.000010 0.000010
0.000010 0.000010 0.710011 0.000010 0.289959
0.000010 0.000010 0.551569 0.237219 0.211191
0.000010 0.000010 0.740647 0.259323 0.000010
0.000010 0.000010 0.000010 0.000010 0.999960
0.000010 0.208455 0.791515 0.000010 0.000010
0.000010 0.000010 0.680561 0.145993 0.173427
0.082106 0.058061 0.762652 0.000010 0.097171
0.000010 0.000010 0.860467 0.139503 0.000010
0.000010 0.000010 0.999960 0.000010 0.000010
0.000010 0.155855 0.702441 0.000010 0.141684
0.172500 0.000010 0.827468 0.000012 0.000010
0.000010 0.000010 0.000010 0.000010 0.999960
0.000010 0.190497 0.809473 0.000010 0.000010
0.000010 0.205947 0.630486 0.000010 0.163547
0.000010 0.000013 0.877138 0.122829 0.000010
0.000010 0.241588 0.758382 0.000010 0.000010
0.000010 0.000010 0.000010 0.000010 0.999960
0.000010 0.131404 0.739893 0.000010 0.128683
0.000010 0.210892 0.683971 0.000010 0.105117
0.000010 0.221942 0.778028 0.000010 0.000010
0.000010 0.000010 0.000010 0.000010 0.999960
0.000010 0.000010 0.555172 0.260704 0.184104
0.000010 0.173669 0.554548 0.000010 0.271762
0.000010 0.161315 0.641501 0.000010 0.197164
0.000010 0.000010 0.825584 0.174386 0.000010
0.000010 0.000010 0.615838 0.195076 0.189066
0.000010 0.000010 0.830846 0.169124 0.000010
0.110988 0.000010 0.525071 0.000010 0.363922
0.000010 0.188949 0.670333 0.000010 0.140698
0.124838 0.000010 0.875131 0.000011 0.000010
0.140398 0.000010 0.859572 0.000010 0.000010
0.000010 0.000010 0.806732 0.193238 0.000010
0.000010 0.000010 0.582396 0.116006 0.301578
0.170685 0.000010 0.577499 0.000010 0.251796
0.000010 0.000010 0.544108 0.052459 0.403413
