0.313444 0.009207 0.318293 0.081849 0.277207
0.267396 0.016561 0.390269 0.106055 0.219720
0.000010 0.000010 0.000010 0.000010 0.999960
0.000010 0.000010 0.999960 0.000010 0.000010
0.000010 0.023555 0.103955 0.000010 0.872470
0.012996 0.000010 0.106958 0.061898 0.818138
0.000010 0.014522 0.851836 0.076721 0.056911
0.139693 0.000010 0.787496 0.019543 0.053258
0.279055 0.000010 0.000010 0.000010 0.720915
0.000010 0.013187 0.352322 0.000010 0.634471
0.410518 0.007757 0.024640 0.028021 0.529064
0.257015 0.006423 0.094045 0.012492 0.630025
0.040040 0.018207 0.371461 0.037631 0.532661
0.062746 0.031990 0.301090 0.050452 0.553721
0.005535 0.012696 0.113289 0.020571 0.847909
0.041138 0.011810 0.094343 0.006445 0.846264
0.337044 0.000010 0.210933 0.232200 0.219813
0.000010 0.000010 0.000010 0.000010 0.999960
0.269134 0.010405 0.267753 0.210472 0.242235
0.000010 0.000010 0.000010 0.999960 0.000010
0.000010 0.000010 0.000010 0.999960 0.000010
0.000010 0.000010 0.000010 0.999960 0.000010
0.446223 0.000523 0.143990 0.198943 0.210321
0.278265 0.006940 0.240730 0.187451 0.286614
0.210829 0.025384 0.283565 0.140956 0.339266
0.282954 0.036520 0.276381 0.122729 0.281416
0.200303 0.012450 0.328333 0.125748 0.333167
0.100859 0.000010 0.459955 0.096908 0.342269
0.000010 0.010780 0.137201 0.003262 0.848747
0.116772 0.023604 0.070528 0.008601 0.780495
0.000010 0.000010 0.524685 0.136276 0.339019
0.000010 0.000010 0.000010 0.000010 0.999960
0.131337 0.000010 0.449471 0.145568 0.273614
0.266087 0.016981 0.319581 0.141035 0.256316
0.273070 0.021290 0.268628 0.090435 0.346577
0.243095 0.023616 0.338933 0.078407 0.315949
0.000010 0.000010 0.000010 0.000010 0.999960
0.001156 0.004860 0.121712 0.000010 0.872262
0.000010 0.014645 0.062048 0.074500 0.848796
0.199834 0.014084 0.340804 0.105132 0.340145
0.293370 0.020777 0.229181 0.123280 0.333393
0.325803 0.029544 0.201985 0.202715 0.239953
0.197431 0.002550 0.376317 0.095577 0.328126
0.000010 0.000010 0.000010 0.999960 0.000010
0.000010 0.000010 0.999960 0.000010 0.000010
0.000010 0.011785 0.798224 0.036160 0.153821
0.000010 0.000010 0.820399 0.066798 0.112783
0.000010 0.000010 0.000010 0.999960 0.000010
0.000010 0.000010 0.000010 0.999960 0.000010
0.433251 0.010464 0.303913 0.091760 0.160612
0.000010 0.000010 0.655594 0.344376 0.000010
0.516569 0.011977 0.249743 0.095223 0.126489
0.019758 0.008390 0.575281 0.261539 0.135032
0.051871 0.013314 0.570680 0.314021 0.050113
0.270877 0.030234 0.452392 0.000010 0.246486
0.273000 0.051370 0.403819 0.033234 0.238576
0.303104 0.015202 0.396812 0.002299 0.282583
0.421123 0.028740 0.266543 0.076336 0.207257
0.000010 0.014772 0.384795 0.153524 0.446899
0.298332 0.032171 0.219002 0.124895 0.325600
0.004186 0.005656 0.420225 0.129732 0.440201
0.330280 0.032421 0.197030 0.119702 0.320567
0.384856 0.023568 0.235429 0.135569 0.220579
0.000010 0.000010 0.999960 0.000010 0.000010
0.316642 0.028826 0.234649 0.134456 0.285426
0.314177 0.012714 0.295598 0.133238 0.244274
0.000010 0.000010 0.893766 0.000010 0.106204
0.000010 0.013776 0.892646 0.012618 0.080949
0.000010 0.000010 0.999960 0.000010 0.000010
0.073859 0.012369 0.757395 0.018400 0.137976
0.000010 0.014880 0.985090 0.000010 0.000010
0.000010 0.000010 0.429288 0.245500 0.325192
0.124135 0.030994 0.438358 0.084314 0.322199
0.175293 0.027496 0.402403 0.096854 0.297954
0.000010 0.007663 0.460299 0.206417 0.325611
0.018220 0.008469 0.365685 0.254794 0.352832
0.000010 0.009873 0.403112 0.201653 0.385352
0.000010 0.000010 0.999960 0.000010 0.000010
0.000010 0.027578 0.443662 0.192324 0.336426
0.000010 0.016863 0.966776 0.000010 0.016341
0.078676 0.021411 0.777150 0.071531 0.051231
0.000010 0.003767 0.331926 0.288686 0.375610
0.000010 0.019440 0.320558 0.217350 0.442642
0.000010 0.017156 0.356369 0.260725 0.365739
0.397442 0.000010 0.000010 0.000010 0.602528
0.518285 0.000010 0.086051 0.133681 0.261973
0.425619 0.003094 0.199708 0.147836 0.223743
0.535393 0.000010 0.108940 0.088748 0.266909
0.561637 0.001780 0.000010 0.000010 0.436562
0.392590 0.004788 0.059285 0.033609 0.509727
0.139693 0.023865 0.359223 0.091244 0.385974
0.000010 0.002360 0.000010 0.000010 0.997610
0.245768 0.017954 0.305562 0.095470 0.335246
0.000010 0.019772 0.000010 0.036498 0.943710
0.050335 0.022231 0.111752 0.065316 0.750365
0.000010 0.000010 0.000010 0.999960 0.000010
0.480659 0.000010 0.213445 0.063856 0.242031
0.408219 0.017922 0.269024 0.087099 0.217735
0.000010 0.000010 0.000010 0.999960 0.000010
0.000010 0.000010 0.000010 0.999960 0.000010
0.000010 0.000010 0.372400 0.000010 0.627570
0.500082 0.016844 0.202949 0.061055 0.219071
0.315597 0.006180 0.291155 0.080708 0.306360
0.074116 0.014679 0.343801 0.026658 0.540746
0.000010 0.006517 0.409789 0.021359 0.562325
0.000010 0.000010 0.000010 0.000010 0.999960
0.100521 0.009438 0.079794 0.050489 0.759757
0.030783 0.011374 0.099373 0.011964 0.846506
0.000010 0.000010 0.999960 0.000010 0.000010
0.194805 0.010443 0.337885 0.101829 0.355038
0.282638 0.048098 0.307737 0.117587 0.243941
0.040229 0.003140 0.848599 0.060210 0.047823
0.000010 0.018787 0.800519 0.059124 0.121560
0.000010 0.000010 0.999960 0.000010 0.000010
0.000010 0.000010 0.000010 0.000010 0.999960
0.000010 0.030389 0.855749 0.078338 0.035514
0.000010 0.000010 0.804982 0.066148 0.128850
0.000010 0.012542 0.000010 0.065171 0.922267
0.030831 0.000010 0.103290 0.008174 0.857695
0.000010 0.044067 0.391807 0.187791 0.376326
0.000010 0.000010 0.371616 0.000010 0.628354
0.028996 0.049658 0.361802 0.158800 0.400744
0.000010 0.031678 0.427026 0.201193 0.340092
0.023310 0.008680 0.391097 0.004307 0.572606
0.001557 0.009975 0.395770 0.031254 0.561445
0.000010 0.999960 0.000010 0.000010 0.000010
0.000010 0.000010 0.664687 0.335283 0.000010
0.047736 0.479630 0.150057 0.072987 0.249590
0.000010 0.999960 0.000010 0.000010 0.000010
0.018193 0.003481 0.583136 0.293030 0.102159
0.000010 0.011266 0.619839 0.260886 0.107999
0.000010 0.000010 0.000010 0.170828 0.829142
0.000010 0.000010 0.999960 0.000010 0.000010
0.000010 0.029680 0.148084 0.146105 0.676121
0.040223 0.000010 0.112780 0.166997 0.679989
0.000010 0.000010 0.919564 0.000010 0.080406
0.034708 0.019197 0.856855 0.022995 0.066244
0.000010 0.000010 0.999960 0.000010 0.000010
0.034343 0.004157 0.868882 0.000010 0.092608
0.058495 0.006534 0.791487 0.027625 0.115860
0.221820 0.025019 0.497055 0.000010 0.256097
0.000010 0.000010 0.000010 0.000010 0.999960
0.276174 0.028695 0.379790 0.022162 0.293178
0.240446 0.013998 0.464428 0.042473 0.238654
0.040164 0.000010 0.099180 0.000010 0.860636
0.000010 0.020566 0.081696 0.038335 0.859392
0.229203 0.014193 0.346707 0.090077 0.319819
0.000010 0.000010 0.000010 0.000010 0.999960
0.317183 0.016890 0.286787 0.063748 0.315391
0.000010 0.000010 0.093326 0.056161 0.850494
0.037937 0.009385 0.040000 0.073580 0.839098
0.000010 0.000010 0.999960 0.000010 0.000010
0.000010 0.000010 0.925862 0.050742 0.023375
0.080487 0.007904 0.746179 0.053984 0.111445
0.000010 0.521509 0.180314 0.088591 0.209577
0.000010 0.000010 0.999960 0.000010 0.000010
0.000010 0.999960 0.000010 0.000010 0.000010
0.051039 0.020733 0.806946 0.001705 0.119576
0.000010 0.999960 0.000010 0.000010 0.000010
0.119589 0.000010 0.841759 0.000010 0.038632
0.000010 0.020105 0.362491 0.109436 0.507958
0.000010 0.009822 0.372094 0.118073 0.500001
0.916595 0.000010 0.083375 0.000010 0.000010
0.954993 0.044977 0.000010 0.000010 0.000010
0.933521 0.000010 0.000010 0.000010 0.066449
0.929234 0.000010 0.000010 0.070736 0.000010
0.957605 0.000010 0.000010 0.042365 0.000010
0.967921 0.032049 0.000010 0.000010 0.000010
0.973747 0.026223 0.000010 0.000010 0.000010
0.977826 0.022144 0.000010 0.000010 0.000010
0.937056 0.000010 0.062914 0.000010 0.000010
0.936387 0.000010 0.000010 0.063583 0.000010
0.888766 0.000010 0.111204 0.000010 0.000010
0.935444 0.000010 0.000010 0.064526 0.000010
0.908253 0.000010 0.091717 0.000010 0.000010
0.929117 0.000010 0.070853 0.000010 0.000010
0.913655 0.000010 0.000010 0.000010 0.086315
0.924513 0.000012 0.075455 0.000010 0.000010
0.956563 0.000010 0.043407 0.000011 0.000010
0.928573 0.000010 0.000010 0.000010 0.071397
0.913027 0.000010 0.000010 0.000010 0.086943
0.999960 0.000010 0.000010 0.000010 0.000010
0.970719 0.029251 0.000010 0.000010 0.000010
0.941314 0.000010 0.000010 0.058656 0.000010
0.972587 0.027383 0.000010 0.000010 0.000010
0.891692 0.000010 0.000010 0.000010 0.108278
0.934062 0.000010 0.000010 0.000010 0.065908
0.937154 0.000010 0.000010 0.062816 0.000010
0.917444 0.000010 0.000010 0.000010 0.082526
0.979044 0.020926 0.000010 0.000010 0.000010
0.975695 0.024275 0.000010 0.000010 0.000010
0.929166 0.000010 0.000010 0.070804 0.000010
0.944777 0.000010 0.000010 0.000010 0.055193
0.980499 0.019471 0.000010 0.000010 0.000010
0.976795 0.023175 0.000010 0.000010 0.000010
0.958889 0.000010 0.000010 0.000010 0.041081
0.959313 0.040657 0.000010 0.000010 0.000010
0.973979 0.025991 0.000010 0.000010 0.000010
0.909140 0.000010 0.090830 0.000010 0.000010
0.878422 0.000010 0.121548 0.000010 0.000010
0.933188 0.000010 0.000010 0.000010 0.066782
0.941335 0.000010 0.000010 0.058635 0.000010
0.901956 0.000010 0.098014 0.000010 0.000010
0.932588 0.000010 0.067382 0.000010 0.000010
0.923874 0.000010 0.076096 0.000010 0.000010
0.969399 0.000010 0.000010 0.000010 0.030571
0.940577 0.000010 0.059393 0.000010 0.000010
0.924281 0.000010 0.000010 0.075689 0.000010
0.922346 0.000010 0.077624 0.000010 0.000010
0.973276 0.026694 0.000010 0.000010 0.000010
0.973077 0.026893 0.000010 0.000010 0.000010
0.948230 0.000010 0.000010 0.000010 0.051740
0.928081 0.000010 0.000010 0.000010 0.071889
0.976691 0.023279 0.000010 0.000010 0.000010
0.950699 0.000010 0.000010 0.049271 0.000010
0.979394 0.020576 0.000010 0.000010 0.000010
0.939067 0.000010 0.000010 0.000010 0.060903
0.947752 0.000010 0.052218 0.000010 0.000010
0.931989 0.000010 0.000010 0.067981 0.000010
0.924460 0.000010 0.000010 0.075510 0.000010
0.933754 0.000010 0.066216 0.000010 0.000010
0.942687 0.000010 0.057283 0.000010 0.000010
0.935887 0.000010 0.000010 0.064083 0.000010
0.944509 0.000010 0.000010 0.000010 0.055461
0.907813 0.000010 0.000010 0.000010 0.092157
0.999960 0.000010 0.000010 0.000010 0.000010
0.943494 0.000010 0.000010 0.000010 0.056476
0.909716 0.000010 0.090254 0.000010 0.000010
0.941107 0.000010 0.000010 0.000010 0.058863
0.933090 0.000010 0.000010 0.066880 0.000010
0.971917 0.000010 0.000010 0.000010 0.028053
0.974017 0.025953 0.000010 0.000010 0.000010
0.929240 0.000010 0.000010 0.000010 0.070730
0.917367 0.000010 0.000010 0.023546 0.059067
0.974092 0.025878 0.000010 0.000010 0.000010
0.979925 0.020045 0.000010 0.000010 0.000010
0.909269 0.000010 0.090701 0.000010 0.000010
0.944676 0.000010 0.055294 0.000010 0.000010
0.959487 0.000010 0.000010 0.000010 0.040483
