0.000010 0.672746 0.271874 0.000010 0.055361
0.000010 0.891868 0.106073 0.000010 0.002040
0.000010 0.889862 0.110108 0.000010 0.000010
0.000010 0.893563 0.106407 0.000010 0.000010
0.062798 0.876829 0.000010 0.029831 0.030533
0.035432 0.853517 0.017533 0.053203 0.040316
0.018749 0.701521 0.033206 0.077738 0.168786
0.068447 0.905644 0.000010 0.000010 0.025889
0.059211 0.896728 0.004508 0.034588 0.004965
0.000010 0.770511 0.011405 0.037091 0.180982
0.000010 0.772257 0.018299 0.025186 0.184248
0.000010 0.785598 0.000010 0.000010 0.214372
0.000010 0.788734 0.000010 0.154699 0.056548
0.000010 0.872704 0.000010 0.127266 0.000010
0.000010 0.845893 0.000010 0.154077 0.000010
0.095314 0.872001 0.000010 0.000010 0.032664
0.086076 0.913894 0.000010 0.000010 0.000010
0.055099 0.841475 0.009686 0.030147 0.063592
0.000010 0.906390 0.015005 0.078585 0.000010
0.000010 0.918943 0.000010 0.081027 0.000010
0.000010 0.753580 0.000010 0.135887 0.110513
0.000010 0.850460 0.000010 0.114339 0.035182
0.068441 0.931529 0.000010 0.000010 0.000010
0.064142 0.935828 0.000010 0.000010 0.000010
0.058260 0.941710 0.000010 0.000010 0.000010
0.043431 0.795481 0.051458 0.035450 0.074180
0.000010 0.676138 0.003010 0.120374 0.200468
0.000010 0.751582 0.000010 0.100512 0.147886
0.000010 0.772470 0.110765 0.027805 0.088950
0.000010 0.923426 0.076544 0.000010 0.000010
0.000010 0.884648 0.113620 0.000010 0.001712
0.050438 0.858234 0.006760 0.028114 0.056453
0.000010 0.561739 0.000010 0.067495 0.370746
0.000010 0.650012 0.000010 0.000010 0.349958
0.000010 0.883190 0.116780 0.000010 0.000010
0.000010 0.906155 0.093815 0.000010 0.000010
0.000010 0.855068 0.000010 0.144902 0.000010
0.000010 0.916413 0.000010 0.083557 0.000010
0.052587 0.947383 0.000010 0.000010 0.000010
0.056129 0.794181 0.021239 0.018895 0.109556
0.088920 0.895785 0.000010 0.000010 0.015275
0.086283 0.904438 0.000010 0.000010 0.009259
0.043245 0.841985 0.019528 0.034768 0.060474
0.000010 0.810294 0.000010 0.000010 0.189676
0.000010 0.844815 0.000010 0.000010 0.155155
0.000010 0.434016 0.359173 0.023569 0.183233
0.000010 0.743998 0.037599 0.090328 0.128066
0.029789 0.786477 0.021314 0.068468 0.093953
0.000010 0.822530 0.000010 0.144615 0.032835
0.000010 0.883706 0.000010 0.116264 0.000010
0.000010 0.699174 0.000010 0.000010 0.300796
0.000010 0.772230 0.000010 0.000010 0.227740
0.000010 0.684157 0.000010 0.000010 0.315813
0.000010 0.768498 0.000010 0.000010 0.231472
0.090699 0.873915 0.000010 0.000010 0.035366
0.000010 0.854867 0.000010 0.145103 0.000010
0.007738 0.660789 0.050562 0.098748 0.182162
0.098555 0.826958 0.000010 0.000010 0.074467
0.093965 0.846006 0.000010 0.000010 0.060008
0.084401 0.865641 0.000010 0.000010 0.049939
0.043675 0.809961 0.000010 0.000010 0.146344
0.052478 0.830298 0.008763 0.072989 0.035472
0.091836 0.811295 0.000010 0.000010 0.096848
0.085817 0.833226 0.000010 0.000010 0.080937
0.090275 0.908656 0.000010 0.000010 0.001049
0.079559 0.920411 0.000010 0.000010 0.000010
0.087282 0.912688 0.000010 0.000010 0.000010
0.000010 0.803847 0.000010 0.000010 0.196123
0.000010 0.808859 0.000010 0.000010 0.191111
0.000010 0.771517 0.000010 0.000010 0.228453
0.000010 0.788619 0.000010 0.000010 0.211351
0.000010 0.000010 0.201026 0.233239 0.565715
0.000010 0.000010 0.108763 0.255324 0.635893
0.000010 0.000010 0.344150 0.217535 0.438295
0.000010 0.015866 0.533010 0.152760 0.298355
0.000010 0.000010 0.462769 0.155820 0.381391
0.000010 0.000010 0.000010 0.000010 0.999960
0.000010 0.000010 0.224638 0.052238 0.723104
0.000010 0.000010 0.000010 0.000010 0.999960
0.000010 0.038087 0.272483 0.230892 0.458527
0.000010 0.012311 0.305394 0.230639 0.451646
0.000010 0.049744 0.632135 0.085058 0.233053
0.000010 0.046002 0.543306 0.128415 0.282267
0.066991 0.009381 0.625806 0.046226 0.251595
0.039779 0.000010 0.533204 0.114899 0.312108
0.000010 0.000010 0.463549 0.000010 0.536421
0.000010 0.000010 0.443795 0.000010 0.556175
0.000010 0.000010 0.411030 0.000010 0.588940
0.000010 0.000010 0.000010 0.000010 0.999960
0.000010 0.000010 0.000010 0.000010 0.999960
0.051609 0.030897 0.606629 0.056608 0.254256
0.000010 0.007683 0.506587 0.197299 0.288422
0.000010 0.000010 0.300772 0.176177 0.523031
0.000010 0.000010 0.371265 0.000010 0.628705
0.000010 0.000010 0.334851 0.000010 0.665119
0.055965 0.001642 0.580361 0.000010 0.362022
0.058838 0.014910 0.639396 0.000010 0.286846
0.000010 0.020059 0.642480 0.097564 0.239887
0.000010 0.063506 0.503450 0.127399 0.305635
0.000010 0.040081 0.761392 0.000010 0.198506
0.000010 0.036862 0.650132 0.051445 0.261551
0.000010 0.084551 0.552638 0.097865 0.264935
0.000010 0.046566 0.482381 0.147581 0.323462
0.029591 0.015775 0.406816 0.133464 0.414355
0.042941 0.000010 0.672089 0.003960 0.281000
0.036501 0.000010 0.549825 0.041821 0.371843
0.000010 0.000010 0.999960 0.000010 0.000010
0.000010 0.000010 0.999960 0.000010 0.000010
0.000010 0.000010 0.999960 0.000010 0.000010
0.000014 0.000010 0.999956 0.000010 0.000010
0.000010 0.000010 0.999960 0.000010 0.000010
0.000010 0.042917 0.822036 0.000010 0.135027
0.000010 0.006541 0.677905 0.099184 0.216359
0.000010 0.000010 0.840041 0.006777 0.153162
0.035184 0.018368 0.394532 0.229262 0.322654
0.000010 0.049553 0.330755 0.241909 0.377773
0.057868 0.012665 0.772270 0.000010 0.157187
0.069374 0.040412 0.572405 0.076746 0.241063
0.068270 0.022097 0.723958 0.000010 0.185666
0.000010 0.000010 0.984735 0.000996 0.014249
0.000010 0.000010 0.952880 0.015754 0.031346
0.000010 0.000010 0.999960 0.000010 0.000010
0.000010 0.053640 0.687201 0.067676 0.191474
0.000010 0.080399 0.730061 0.041151 0.148379
0.000010 0.049478 0.759593 0.040926 0.149993
0.000010 0.063465 0.455169 0.128198 0.353157
0.000010 0.050499 0.569889 0.097750 0.281852
0.000010 0.041458 0.486386 0.111329 0.360818
0.000010 0.034798 0.529705 0.145970 0.289517
0.000010 0.017865 0.501409 0.162273 0.318442
0.000010 0.103515 0.496042 0.126898 0.273535
0.000010 0.092645 0.513836 0.119798 0.273711
0.000010 0.099074 0.483472 0.130776 0.286668
0.000010 0.006223 0.312982 0.215298 0.465487
0.000010 0.011987 0.403043 0.149706 0.435254
0.000010 0.000010 0.356780 0.149621 0.493580
0.000010 0.064882 0.590104 0.093558 0.251447
0.000010 0.000010 0.886549 0.000010 0.113421
0.000010 0.028716 0.780741 0.010844 0.179689
0.000010 0.036365 0.602253 0.120696 0.240675
0.000010 0.040551 0.365211 0.232477 0.361751
0.031279 0.052822 0.497070 0.136815 0.282013
0.973525 0.000010 0.000010 0.000010 0.026445
0.998476 0.000010 0.001494 0.000010 0.000010
0.982383 0.000010 0.017587 0.000010 0.000010
0.951526 0.014147 0.000010 0.034306 0.000010
0.971951 0.000010 0.000010 0.023211 0.004818
0.938181 0.000447 0.018753 0.000010 0.042609
0.979023 0.000010 0.002123 0.000010 0.018834
0.937798 0.006565 0.035646 0.000010 0.019981
0.968865 0.000010 0.031105 0.000010 0.000010
0.930481 0.000010 0.039201 0.013000 0.017308
0.983666 0.000010 0.016304 0.000010 0.000010
0.999960 0.000010 0.000010 0.000010 0.000010
0.965322 0.008308 0.026226 0.000135 0.000010
0.960953 0.007963 0.031064 0.000010 0.000010
0.999960 0.000010 0.000010 0.000010 0.000010
0.978087 0.000010 0.000010 0.021883 0.000010
0.967110 0.003486 0.000010 0.029385 0.000010
0.973703 0.002139 0.000010 0.024138 0.000010
0.965132 0.000010 0.003792 0.026671 0.004396
0.971817 0.000010 0.000010 0.028153 0.000010
0.939696 0.010803 0.034228 0.000010 0.015263
0.970752 0.004958 0.000010 0.024270 0.000010
0.979453 0.000010 0.000010 0.020517 0.000010
0.971416 0.017538 0.000010 0.011026 0.000010
0.951274 0.000010 0.000010 0.009182 0.039524
0.937652 0.014897 0.003767 0.034764 0.008920
0.974367 0.000010 0.025603 0.000010 0.000010
0.970547 0.000010 0.028201 0.001232 0.000010
0.977670 0.000010 0.019500 0.000010 0.002811
0.975224 0.000010 0.018833 0.000010 0.005923
0.999960 0.000010 0.000010 0.000010 0.000010
0.978606 0.000010 0.000010 0.000010 0.021364
0.975469 0.017155 0.000010 0.007357 0.000010
0.977396 0.000010 0.000010 0.022574 0.000010
0.994220 0.000010 0.000010 0.000010 0.005750
0.989626 0.000010 0.000010 0.010344 0.000010
0.982868 0.000010 0.000010 0.000010 0.017102
0.975158 0.001401 0.000010 0.023421 0.000010
0.986057 0.000010 0.000010 0.000010 0.013913
0.979294 0.001698 0.000010 0.000010 0.018988
0.951286 0.025443 0.000010 0.023251 0.000010
0.974926 0.000010 0.025044 0.000010 0.000010
0.977514 0.000010 0.000010 0.000010 0.022456
0.984323 0.000010 0.000010 0.015647 0.000010
0.966366 0.012140 0.011558 0.000010 0.009926
0.967300 0.000010 0.000010 0.032670 0.000010
0.979723 0.000010 0.020247 0.000010 0.000010
0.951847 0.005719 0.018923 0.000010 0.023501
0.965787 0.014128 0.012800 0.007275 0.000010
0.988541 0.000010 0.011429 0.000010 0.000010
0.974658 0.000010 0.025312 0.000010 0.000010
0.973076 0.000010 0.002693 0.024172 0.000049
0.982533 0.017437 0.000010 0.000010 0.000010
0.957236 0.006065 0.003776 0.000010 0.032913
0.981459 0.000010 0.018511 0.000010 0.000010
0.953657 0.000010 0.026912 0.000010 0.019412
0.997630 0.002340 0.000010 0.000010 0.000010
0.977576 0.011287 0.000010 0.000010 0.011118
0.979329 0.000010 0.000010 0.000010 0.020641
0.977857 0.000777 0.000010 0.000010 0.021346
0.999960 0.000010 0.000010 0.000010 0.000010
0.969235 0.000010 0.000010 0.030735 0.000010
0.991369 0.008601 0.000010 0.000010 0.000010
0.985444 0.014526 0.000010 0.000010 0.000010
0.972612 0.000010 0.000010 0.027358 0.000010
0.946540 0.006996 0.007562 0.000010 0.038891
0.972482 0.000010 0.000010 0.000010 0.027488
0.958722 0.010998 0.000010 0.030260 0.000010
0.924213 0.010732 0.022536 0.009844 0.032674
0.977436 0.000010 0.022534 0.000010 0.000010
0.010812 0.009502 0.039660 0.862405 0.077621
0.027883 0.000010 0.000010 0.866682 0.105415
0.000010 0.000010 0.015014 0.984956 0.000010
0.000010 0.000010 0.013868 0.986102 0.000010
0.000010 0.004281 0.031451 0.812790 0.151468
0.025751 0.000010 0.000010 0.974219 0.000010
0.028810 0.000010 0.000010 0.869298 0.101873
0.000010 0.000010 0.021250 0.978720 0.000010
0.006240 0.014301 0.007263 0.863399 0.108798
0.000010 0.011405 0.000010 0.984461 0.004114
0.000010 0.000010 0.000010 0.999960 0.000010
0.000010 0.000010 0.032298 0.798868 0.168813
0.025951 0.001718 0.000010 0.871580 0.100742
0.000010 0.000010 0.016052 0.983918 0.000010
0.000010 0.019938 0.034632 0.762452 0.182968
0.000010 0.000010 0.018213 0.981757 0.000010
0.000010 0.015315 0.016786 0.804068 0.163821
0.020910 0.007872 0.007756 0.821170 0.142292
0.029985 0.000010 0.000010 0.858652 0.111342
0.000010 0.011881 0.000010 0.982699 0.005400
0.000010 0.000010 0.023088 0.975953 0.000939
0.000010 0.000010 0.000010 0.999960 0.000010
0.034512 0.000010 0.000010 0.860924 0.104544
0.000010 0.000010 0.000010 0.844362 0.155608
0.000010 0.000010 0.005814 0.886096 0.108070
0.023776 0.000010 0.000010 0.976194 0.000010
0.028534 0.000010 0.000010 0.825017 0.146429
0.012817 0.010724 0.020514 0.878979 0.076966
0.000010 0.000010 0.019234 0.980736 0.000010
0.000010 0.000010 0.000010 0.991647 0.008323
0.000010 0.017645 0.026138 0.801157 0.155050
0.000010 0.000010 0.000010 0.832355 0.167615
0.000010 0.015208 0.001422 0.983351 0.000010
0.000010 0.022685 0.019026 0.862881 0.095397
0.000010 0.000010 0.022224 0.876959 0.100797
0.000010 0.000010 0.010909 0.989061 0.000010
0.041816 0.000010 0.029440 0.905385 0.023348
0.033412 0.005898 0.000010 0.809742 0.150939
0.000010 0.000010 0.000010 0.999960 0.000010
0.000010 0.000010 0.000010 0.830778 0.169192
0.016793 0.006803 0.029755 0.856216 0.090433
0.000010 0.000010 0.000010 0.999960 0.000010
0.022580 0.000010 0.004413 0.881789 0.091209
0.014661 0.000010 0.011144 0.776500 0.197685
0.037662 0.015150 0.027424 0.881068 0.038696
0.000010 0.000010 0.000010 0.829633 0.170337
0.037187 0.006795 0.010129 0.885449 0.060440
0.000010 0.000010 0.000010 0.801044 0.198926
0.000010 0.000010 0.000010 0.800350 0.199620
0.000010 0.000010 0.025594 0.974376 0.000010
0.000010 0.001072 0.024867 0.968848 0.005203
0.000010 0.000010 0.000010 0.971287 0.028683
0.000010 0.000010 0.000010 0.999960 0.000010
0.000010 0.000010 0.000010 0.999960 0.000010
0.000010 0.000010 0.000010 0.988287 0.011683
0.000010 0.000010 0.000010 0.999960 0.000010
0.014230 0.012045 0.007532 0.870356 0.095838
0.000010 0.000010 0.016632 0.983338 0.000010
0.000010 0.000010 0.000010 0.999960 0.000010
0.000010 0.000010 0.000010 0.999960 0.000010
0.028350 0.000010 0.000010 0.951757 0.019873
0.000010 0.000010 0.000010 0.999960 0.000010
0.000010 0.000010 0.000010 0.999960 0.000010
0.018773 0.000014 0.000010 0.981192 0.000010
0.017723 0.000010 0.000010 0.936317 0.045940
0.000010 0.008554 0.000010 0.991416 0.000010
0.013491 0.018674 0.016691 0.811239 0.139906
0.000010 0.000010 0.000010 0.983290 0.016680
0.000010 0.010547 0.000272 0.962874 0.026297
0.021549 0.000010 0.000010 0.978421 0.000010
0.000010 0.000010 0.000010 0.999960 0.000010
0.000010 0.014271 0.000010 0.985699 0.000010
0.021589 0.000010 0.024625 0.879609 0.074168
0.000010 0.000014 0.018286 0.981680 0.000010
0.000010 0.000010 0.000010 0.999960 0.000010
0.000010 0.000010 0.000010 0.999960 0.000010
0.000010 0.010339 0.000010 0.989631 0.000010
0.000010 0.000010 0.000010 0.999960 0.000010
0.000010 0.000010 0.000010 0.993474 0.006496
0.000010 0.000010 0.000010 0.999960 0.000010
0.000010 0.000010 0.000010 0.999960 0.000010
0.022805 0.000010 0.000010 0.977165 0.000010
0.000010 0.000010 0.000010 0.999960 0.000010
