0.000010 0.622736 0.013495 0.000010 0.363749
0.033588 0.559922 0.020444 0.007178 0.378868
0.007826 0.517961 0.016082 0.076100 0.382031
0.000010 0.308997 0.005397 0.141374 0.544222
0.000010 0.311347 0.012048 0.160972 0.515623
0.000010 0.311350 0.018110 0.148460 0.522069
0.000010 0.999960 0.000010 0.000010 0.000010
0.000010 0.830737 0.011335 0.019044 0.138873
0.000010 0.892877 0.005203 0.075087 0.026822
0.013551 0.421333 0.030836 0.137231 0.397049
0.015758 0.425206 0.022487 0.135885 0.400663
0.000010 0.000010 0.000010 0.999960 0.000010
0.013533 0.067263 0.000010 0.773226 0.145968
0.027032 0.073578 0.007593 0.761536 0.130262
0.999960 0.000010 0.000010 0.000010 0.000010
0.700427 0.059789 0.001598 0.082306 0.155880
0.999960 0.000010 0.000010 0.000010 0.000010
0.037360 0.024454 0.000010 0.065302 0.872873
0.006054 0.130712 0.000010 0.026683 0.836541
0.000010 0.000010 0.000010 0.000010 0.999960
0.000010 0.000010 0.000010 0.999960 0.000010
0.089315 0.071966 0.000010 0.718518 0.120190
0.000010 0.090701 0.009679 0.725385 0.174226
0.048125 0.810750 0.006833 0.052698 0.081593
0.000010 0.846024 0.019012 0.038937 0.096017
0.000010 0.999960 0.000010 0.000010 0.000010
0.000010 0.000010 0.000010 0.000010 0.999960
0.044152 0.112261 0.012735 0.060811 0.770041
0.006977 0.128267 0.001458 0.031669 0.831629
0.000016 0.228782 0.000010 0.274710 0.496482
0.000010 0.257803 0.000010 0.245261 0.496916
0.004739 0.261495 0.008988 0.255333 0.469445
0.063719 0.378825 0.017072 0.115847 0.424538
0.065418 0.388458 0.014777 0.106979 0.424368
0.139707 0.314031 0.021917 0.123491 0.400854
0.124677 0.287185 0.013144 0.177480 0.397515
0.144527 0.315038 0.011875 0.135143 0.393417
0.024020 0.069191 0.000010 0.044251 0.862529
0.025910 0.109025 0.009104 0.038984 0.816977
0.000010 0.000010 0.000010 0.000010 0.999960
0.112925 0.307815 0.021838 0.164001 0.393422
0.103345 0.304443 0.027711 0.161505 0.402995
0.087440 0.367420 0.005673 0.149535 0.389932
0.094945 0.358337 0.019036 0.158883 0.368800
0.075330 0.447389 0.000010 0.058295 0.418976
0.081558 0.382331 0.012399 0.035772 0.487939
0.078740 0.454251 0.000010 0.000010 0.466989
0.053127 0.040831 0.013107 0.756190 0.136746
0.017377 0.094069 0.014891 0.704079 0.169583
0.000010 0.000010 0.000010 0.999960 0.000010
0.061611 0.142318 0.477547 0.070398 0.248126
0.000010 0.000010 0.999960 0.000010 0.000010
0.000010 0.000010 0.999960 0.000010 0.000010
0.068055 0.318624 0.002772 0.138832 0.471716
0.086069 0.299088 0.002656 0.163942 0.448245
0.075167 0.311039 0.000010 0.133331 0.480453
0.692687 0.135844 0.008893 0.019617 0.142958
0.697225 0.119399 0.008742 0.054166 0.120469
0.999960 0.000010 0.000010 0.000010 0.000010
0.084524 0.283029 0.011553 0.034718 0.586175
0.072925 0.291996 0.024242 0.035401 0.575437
0.067553 0.278905 0.017534 0.000010 0.635998
0.025555 0.073364 0.000010 0.026761 0.874311
0.031725 0.113828 0.000010 0.014082 0.840355
0.000010 0.000010 0.000010 0.000010 0.999960
0.999960 0.000010 0.000010 0.000010 0.000010
0.684550 0.064704 0.000010 0.083532 0.167203
0.999960 0.000010 0.000010 0.000010 0.000010
0.029939 0.049171 0.015227 0.022660 0.883004
0.068401 0.050260 0.000432 0.051110 0.829798
0.000010 0.000010 0.000010 0.000010 0.999960
0.092956 0.291894 0.005034 0.144870 0.465247
0.079177 0.298153 0.004684 0.131010 0.486976
0.030424 0.092786 0.017093 0.726766 0.132932
0.038181 0.083243 0.004965 0.863633 0.009977
0.000010 0.000010 0.000010 0.999960 0.000010
0.017823 0.512037 0.011681 0.021323 0.437136
0.005501 0.542832 0.000010 0.060970 0.390688
0.000010 0.618984 0.000010 0.000010 0.380986
0.031479 0.091146 0.009981 0.020270 0.847125
0.013099 0.078580 0.013899 0.065453 0.828969
0.000010 0.000010 0.000010 0.000010 0.999960
0.062015 0.287978 0.035499 0.201424 0.413084
0.999960 0.000010 0.000010 0.000010 0.000010
0.704741 0.134656 0.003940 0.050008 0.106654
0.999960 0.000010 0.000010 0.000010 0.000010
0.000010 0.070910 0.022241 0.067879 0.838959
0.066834 0.021666 0.007614 0.048593 0.855292
0.000010 0.000010 0.000010 0.000010 0.999960
0.018056 0.302625 0.011490 0.256778 0.411051
0.020708 0.267510 0.027922 0.294414 0.389446
0.000010 0.262791 0.019898 0.321549 0.395753
0.110388 0.482967 0.008319 0.035409 0.362918
0.084241 0.505903 0.025184 0.064241 0.320431
0.102394 0.584468 0.001692 0.000010 0.311436
0.019066 0.085715 0.017015 0.048179 0.830026
0.025245 0.062437 0.016863 0.057464 0.837991
0.000010 0.000010 0.000014 0.000010 0.999956
0.025134 0.033152 0.006574 0.076675 0.858466
0.038303 0.060228 0.020623 0.000010 0.880836
0.000010 0.000010 0.000010 0.000010 0.999960
0.000010 0.923701 0.007512 0.035390 0.033388
0.014113 0.852728 0.010861 0.030106 0.092193
0.000010 0.999960 0.000010 0.000010 0.000010
0.062414 0.368105 0.012776 0.111694 0.445011
0.054565 0.378614 0.008559 0.113574 0.444688
0.000010 0.000010 0.000010 0.000010 0.999960
0.028081 0.099257 0.014394 0.028310 0.829958
0.005919 0.046275 0.014567 0.072772 0.860466
0.042320 0.193996 0.001258 0.279543 0.482884
0.047361 0.224679 0.000993 0.231203 0.495765
0.026747 0.150178 0.000010 0.294717 0.528348
0.010631 0.333695 0.021785 0.064936 0.568952
0.015177 0.327715 0.026485 0.048774 0.581849
0.000010 0.333967 0.019289 0.000010 0.646724
0.039164 0.078498 0.009416 0.019035 0.853887
0.011729 0.066082 0.014299 0.059967 0.847924
0.000010 0.000010 0.000010 0.000010 0.999960
0.004052 0.851869 0.030931 0.003055 0.110092
0.033244 0.782363 0.003401 0.112569 0.068422
0.000010 0.999960 0.000010 0.000010 0.000010
0.041812 0.286476 0.000010 0.067033 0.604669
0.003633 0.314404 0.000010 0.012016 0.669937
0.000010 0.284315 0.000010 0.000010 0.715655
0.077784 0.309702 0.028532 0.173239 0.410743
0.081194 0.286337 0.036701 0.151971 0.443798
0.061269 0.591006 0.002731 0.218787 0.126207
0.017966 0.589772 0.000233 0.266746 0.125282
0.000010 0.721597 0.000010 0.278373 0.000010
0.066521 0.340825 0.022932 0.024776 0.544946
0.047156 0.344898 0.021903 0.020264 0.565780
0.035059 0.343674 0.015835 0.000010 0.605422
0.057860 0.510713 0.004260 0.000010 0.427158
0.086104 0.465923 0.002912 0.052725 0.392337
0.057249 0.542824 0.000010 0.000010 0.399907
0.004939 0.824871 0.013418 0.032294 0.124478
0.060353 0.817692 0.002007 0.059549 0.060399
0.000010 0.999950 0.000019 0.000010 0.000010
0.003640 0.810406 0.000010 0.039643 0.146301
0.051429 0.816384 0.000010 0.032381 0.099796
0.000010 0.999960 0.000010 0.000010 0.000010
0.000010 0.000010 0.000010 0.999960 0.000010
0.014407 0.131173 0.015271 0.739147 0.100002
0.000010 0.000010 0.000010 0.999960 0.000010
0.080442 0.313458 0.026172 0.162900 0.417028
0.113375 0.281246 0.028566 0.171812 0.405002
0.030930 0.888626 0.010150 0.026839 0.043455
0.032227 0.817635 0.007004 0.000010 0.143124
0.000010 0.999960 0.000010 0.000010 0.000010
0.016208 0.470952 0.003863 0.151086 0.357892
0.015694 0.472405 0.027556 0.135689 0.348655
0.000010 0.532600 0.017624 0.121907 0.327859
0.000010 0.000010 0.000010 0.999960 0.000010
0.000010 0.000010 0.000010 0.999960 0.000010
0.028144 0.050429 0.001182 0.390782 0.529463
0.006347 0.071021 0.004411 0.378808 0.539413
0.000010 0.000010 0.000010 0.446532 0.553438
0.000010 0.000010 0.999960 0.000010 0.000010
0.054764 0.119654 0.505074 0.041947 0.278562
0.000010 0.000010 0.999960 0.000010 0.000010
0.000010 0.075900 0.000010 0.778463 0.145617
0.050379 0.103843 0.014250 0.700022 0.131505
0.000010 0.000010 0.000010 0.999960 0.000010
